2.0381859235929913
2.720546558859953
5.444653610667726
13.55190930546203
8.032654419481062
22.681296552896377
2.203687623824279
4.39682376261382
2.625981819907434
4.369152310994593
1.9299049109842736
6.5380419020370315
6.559724688661284
1.1257735783502938
41.137653959295854
21.221562863366678
1.054127226690883
35.42963823651358
2.9447129718237104
42.139624977017505
5.944147231963977
9.761162528690134
4.108639892329045
2.8692895044160736
3.2146441570541535
0.9590429547820178
1.186921695631462
69.8111559305683
40.04381072157424
16.862498582198715
32.49733291707585
4.832193900806317
11.946384762214262
4.066970038346933
31.158162170065793
4.879624444874941
51.301951341260484
2.8768980959631194
3.010864067858234
3.6445097132642696
1.6920427892079477
18.930319458394735
6.187815475966433
1.4136868523946773
17.73724022468097
1.435521938941333
11.699668481535856
22.371643877634902
0.6552416645954484
1.4964891082202147
0.9629603191754015
213.6844745980085
9.31533798877717
3.4963528170628044
12.052853958899906
8.458523509101111
53.61544833320817
4.130672665595746
7.721776887116545
16.354474593733904
1.4965422034764257
4.708378455007808
37.79446781728191
14.586301399587535
1.5222662673488419
1.0181948886558507
1.1648258024116314
2.756911931003626
11.817798849023543
15.71860433875396
11.33382271509297
20.33913697921595
52.96655884748585
11.475893247862526
14.66416349545402
18.120964087753304
22.780364761602854
29.32617209084259
46.109179403906026
16.30189817374106
3.4539614092086057
8.41851966009017
43.427160503830414
14.83073389905311
1.4423229476883033
3.882292337113428
1.3157484167755409
3.9112207825545795
12.286862719878743
2.4057959138241576
7.233043552948677
45.8179940410246
7.773508687657678
2.115115498040133
6.744269178658569
3.9122434001889532
1.3727418302166838
16.54753545352761
5.03711938888571
15.206159272944676
2.9181571864436373
18.167563735725018
0.7038711499055784
6.304870546382134
12.944225427348725
11.07652244377716
5.789597765965469
19.07154546096235
15.5806263230012
0.9277172812056321
5.473662391363691
82.286620238113
6.414607236204319
15.068168867538862
1.0555793184899434
44.29597493896679
18.65889670445657
2.9646784636029477
0.4781720631082667
3.371922423205815
8.290122091605799
3.5652689195191387
0.7775463913188674
4.777076601237501
1.127428337554341
207.7863236900169
8.598181680378875
8.496515614762224
2.5341486720358453
11.082291220400842
8.68052275197868
3.521802012768831
1.0237034129699736
38.98719990265614
1.8948939424548574
1.81153209328312
21.862107368589808
3.9240426357317606
1.406730905219991
0.922204102757204
4.579012513224391
11.009663359388481
0.914227479741651
1.1008054997229353
5.58123005090169
18.492567656344075
2.662697116029132
20.020816495759718
2.3407062272159007
15.244022457769534
2.4201251522976093
4.251192922267148
4.493348600719572
6.581941890985746
1.6090817519200113
21.602329405131712
13.673561910587022
1.7773869346924571
4.220264465636801
3.2888175016954473
1.116325973357147
1.6496399199661274
0.6265706870209815
8.815440210007733
11.477936583497586
1.8144873454414299
5.092394311650868
21.762148579391692
3.8114054006012026
11.540319456083223
1.8522325911866955
1.3576161950409966
0.7765995246493556
3.2579070425430174
29.109653580763286
2.8963391351120316
2.4125686261716317
2.0118235760456002
5.529752493265962
1.2220136659572836
6.7830725312560265
1.0297956634882992
9.89791399331041
5.639711147146366
9.050388848519901
0.42818596672119097
14.06916507656156
27.155348027021212
9.391405510649776
5.110006660678784
26.716514662687395
12.38766874642567
1.92127639895544
0.766489770287619
1.539497841470307
7.0622295598560365
9.018598697614548
16.510580722562786
8.827007443239463
5.392325149275047
8.988691109600932
16.895273126393462
1.3562074571142568
3.087297170612896
14.4710434841125
1.2959722042361337
40.78062021603968
4.880962862107968
1.7678558316594148
42.424087035322295
1.696991162499422
1.2516808693492585
3.9496184399593868
0.9706845045792226
5.016411142895902
48.73824541019152
2.294389946195655
3.3585432798727055
30.57068366543323
1.488331131211453
32.7408802214916
4.713030894534979
0.963551341584313
8.632484040708205
1.1536635422446617
1.8811698989041596
2.2911273473528326
25.361818779604388
4.0043972447474845
93.86166038641792
13.091234044885113
7.963362473917438
12.829867714453687
5.902964965516158
2.0635179880404126
4.47805307633716
1.1757818222365397
1.7831269683076818
3.0264261672382156
23.55257698642254
17.33993668554943
1.4336879111835814
20.525480275474518
1.8582659405526563
4.52957041630053
2.110450911937747
18.99101555157987
13.880179092866015
1.2576670103263348
21.527316560654633
1.5946891372903322
7.192807887280461
3.2617539826411077
3.819530719532382
7.411474071945325
1.5760389739479252
9.160781021923803
13.073108702977047
2.4262197851834904
3.36879366669296
3.7739854671987003
5.670356274544002
3.6964873786952297
2.477917872346565
0.7019704481657477
54.519947804824504
8.88227432153613
4.5411833690279035
3.2404519177353297
17.579940354897975
17.016837409460514
7.290405676583095
4.696077806198493
3.8231884805020484
7.08312357331194
0.5494900221920558
7.471872727490954
107.6131067489248
4.454585172930974
9.384823129017954
131.6223442971915
0.9402351572689266
2.9944701067319603
5.412585836596509
47.68994187021626
1.7231884089219525
8.612909226774407
7.802275705814949
11.99717421424609
4.382053023137751
4.910889669313709
1.4409900295360045
1.6974896990247543
23.04665072281497
2.650020733147617
0.8920921418468134
6.249570366194622
9.68599098204776
2.6131467298060826
6.055775369582274
3.568623365206906
8.412511589547567
21.907245702178102
1.4546039535108812
11.666654257111485
6.243527234615427
3.950962460952039
15.882006369531453
14.705421229923795
1.9760378468161277
6.429807608265907
3.50187970263
4.257609790583169
1.8715664875293703
1.220834604144712
9.312590624919475
3.525605005886816
3.9055705928240867
3.3889589895152312
1.4842079471393808
1.9963687025560715
0.44341445784212036
3.02631122026306
30.51205729573212
37.14217934334074
5.324965568398076
8.41702156189903
17.90091645658019
5.682021896867637
66.19473448257976
64.1355340710267
9.757950895774725
29.398735144022773
0.2362698996052065
3.0439606758544877
3.050945530819968
59.994354048205274
0.9840523649655168
1.3069593679672846
169.69987331683535
0.3048380808558212
18.987189221269322
0.7037596335596767
3.644839310382764
2.327022728525569
4.000963168734964
2.825886340259252
3.6158264878216615
14.506595554361457
0.8858300300583705
0.6212303763785901
6.2846000818062375
2.4981012552095025
15.633960790934875
2.417869782033609
2.5300782338354812
10.879183499570026
3.7701744724526947
4.151141453531651
4.312713967490423
0.7383340880108485
5.462937635617189
18.74994690865229
42.518196060694734
1.7330631926072675
3.854273498135808
6.534544369331405
1.9779064390798566
3.3425396383502313
11.724317810429973
4.819372034350813
33.12367699866107
30.336604683163745
0.9162917493533477
0.7991937110482044
3.853916050502132
1.6910622668044795
2.5532750326779854
81.18378108481856
4.866518682462491
100.5402108043699
2.1134867412307834
9.645013190228418
2.1951199511778148
13.770393799870083
9.181062038215279
94.34312458249491
42.807222946442046
5.179981740570331
16.721490671888244
15.715246098826237
34.48105067759023
3.343604971328283
3.196350680331068
2.7951582035690037
15.10940694371591
0.6503236009186815
24.00519371150181
4.173768638516514
5.1101656237478155
30.484006745650376
28.742590700010282
5.968647220152608
4.170002487473507
2.714473261236434
0.29800057111113876
5.274050831867112
1.2150291147748686
11.181225038145044
13.560034120156294
1.9288336525934102
1.6784029918028716
6.302192773172098
4.437566937535717
9.65158965196108
7.540220372932758
16.832030547567125
5.841689558465925
2.8926992882567193
2.831463471763965
4.376311880461907
2.881552937449241
19.537247879328078
2.7994880824073474
2.7282264863398966
4.347042349597784
46.630373058058744
8.108578160916382
3.527356717970444
2.730643996691251
0.684072245187862
2.56813711694372
2.199861618593961
4.893626604923967
29.02470539288034
8.859502850056607
4.706790243965877
21.666763881256138
1.0074619585966225
1.147889077035868
4.196414556548268
21.214888782727318
17.055121600185075
6.380628549202971
1.443515314600964
98.58660461392878
2.3840685770880885
2.510789766534902
4.454713036693967
1.326058039222544
2.216040814513125
2.1366107754217953
12.675239446302554
2.076967175436602
6.667440888284558
1.9060252820722088
2.425845011817374
18.230501193024665
71.35675244614721
1.9387129156683025
4.6865160923689135
2.7229847271879137
6.246543989850774
6.246560392348114
3.2774303187266023
4.8129998954195825
1.0540488519160416
1.2341368982749883
89.8917282111066
4.4120648414387915
8.439985436264859
2.7354280404532787
137.16158114379138
8.980550423970007
6.945766081890557
17.259516194320266
11.990142367362248
22.15678190564257
7.794453980434165
5.976800460406525
0.7469488461039001
2.1813470037972467
1.5200049639006077
1.2132942838798357
3.8831188694652488
1.0777158861473413
11.870743787216911
66.59954634490468
16.37210230392437
0.9189128871853486
8.3589353369732
0.944590898484094
17.214055942731562
3.7293917816327564
3.3907005902722607
2.195216050863013
0.882999935163193
1.8359915668188727
15.35676106168274
1.839118960669016
14.362261489686531
2.9207350141470867
1.5227049458127322
0.8749565454862804
6.042560835198007
6.122137314640604
10.841957088724216
5.250191614401944
21.97084930964539
4.109128898072866
1.2107325891455734
2.232394935972401
10.262979726655871
102.23398459640195
63.48159853421837
2.8906289872689963
0.9850515035727911
0.7032670718261242
2.030083331047782
3.4158365089982583
3.6103349885132836
1.8666462067085177
9.4891247222194
11.816611250656798
25.058437728042822
2.025728117375657
12.431515295665788
2.3968556791538127
93.78338242828393
7.801183394768472
18.469254156017698
0.4186463438384913
3.2726630693174648
3.601607836931473
0.3609580380089634
38.755161670196706
2.3591094581759657
1.0752608907377978
26.87221017780511
10.324141322792158
5.6669896781290445
3.850350492144994
6.072946769228056
17.028332653647436
0.5167971945537138
1.7227042922414753
3.6165086707755916
2.1285729049131787
30.614809816612002
1.1720932537745636
2.881516438127361
1.7951691093244033
18.519003386168393
3.765897888303118
5.79150143978076
8.450294043981184
2.226781024777483
2.5059441955345214
1.5306575275686019
2.4241920472278133
1.429806088757255
48.807947411173714
3.1008918875456772
7.242521622895374
3.3101552308768976
3.5731095532178
62.94942692810115
19.835662981073163
0.9925726454335615
1.2703651117965973
3.9745325663611943
20.408629489633253
0.23810280123285832
4.596455700404034
6.921964840543416
3.800792772368418
55.53244877335345
3.98725544262865
5.5240764981182275
4.0884186665368585
0.9128178421903415
23.266642790269106
2.464375986032411
3.7139334833312647
10.645942405509405
6.032511945811588
5.730143245080137
0.8793888723780222
7.615809016794028
3.8418046797713608
1.0511919312934739
18.490172077832803
6.613107818978147
13.409428379034129
1.68425088027867
62.79637978081952
22.74260138100242
1.73898696832245
9.542246887689025
1.3847659575654832
5.194350553081381
1.1797148695839634
11.850910984838318
9.866954294844723
1.258897950388088
5.379356629101719
0.5546540067092718
5.6963984709451445
5.792457607525269
3.3475722071043013
9.639188116453655
5.036366859221479
1.9120935986206518
1.3566497316979667
90.97754162530407
1.0816809194671264
14.674494066166893
10.394578293656805
3.416200614042771
4.690088599597368
4.038046382481542
8.587389253652285
10.3644964138513
1.3898317493119543
2.393345207562768
2.6136374822202404
1.1889586446334568
3.0523088965578244
24.998193423720984
12.399127964725277
65.49057544094161
19.852797401945068
9.38444461810506
4.295407216960124
5.901594550319303
0.7304759951643792
0.9554272917399255
3.831871295753279
1.9068058748753913
2.0264983733142548
28.684070648145347
7.090479366222606
1.515245517458302
14.477004598879974
1.291717750131827
32.92021258653824
1.3040195119517657
31.90837643838975
2.1451381021898204
19.693124460462275
1.0067591480230873
14.634737219879865
16.034423032578328
4.810118878904458
4.132555153402846
44.06193850408968
7.67788898025884
2.159418655874146
1.3738848519522793
16.213746092336436
1.1934967423347904
20.60962443233359
8.855037201484997
34.61240372593276
7.2616610291546415
8.617599937186881
0.9502298862699875
4.027005500257825
9.161564963313053
9.631052676758532
4.288041405228855
3.5705046468321924
1.1116141214209543
25.136410289317418
8.04306144529026
3.3332611982612095
37.61469706544463
7.301999361724269
7.3756733406300246
30.28046657275179
1.954461685326216
16.063446532307413
3.1520327770077987
1.1276320419444934
9.7230576765019
14.960638102911918
0.35699427533886036
15.146189537925439
17.46398382890365
0.23128292933705547
4.7122906463313
4.76324750482235
7.477484574057316
4.805467534920732
7.298810553640657
5.387577126336907
14.143777093336222
0.5547903218574255
1.0662797289655563
2.794194997327777
16.08227963033346
6.627114764239748
1.3052609284302168
1.1302971687671617
0.99962278868181
13.355278261221835
46.01464350846862
4.352633730229755
2.163583376225257
16.474579800789893
6.8270721661447
5.300688192302761
2.576392701374629
3.5176194914971464
2.938686433899656
13.818318277659356
4.672467959714955
16.689633491055226
1.932121463418817
19.317965029146208
2.123442596280079
1.1024282097142328
2.261572844110036
1.4775467998281104
37.058593270233665
7.542568187589977
28.280780410034517
20.321733374161767
12.524696095401124
7.280742830199302
9.756321416959938
1.1720317514832896
1.4750688451523857
21.96545039923608
3.2390470625614416
21.64312606295456
1.3864550175490171
0.577311321528545
212.52076413551924
1.7966620583974973
20.64324039206297
2.644942680696088
5.323379716292527
0.5806867408858564
23.759490401112554
25.879275909921624
5.110663864012866
1.8704070660204477
48.66476415678424
13.540731233197194
2.75821100642486
4.567059408195043
0.38271664138874295
3.1763612480197567
5.186894051569374
4.751638504200909
4.606643933717031
126.42226786807704
25.34742677617362
1.0394696759408912
10.436070321503074
2.986594827519725
0.687156516993205
8.079446520068377
10.728076357977905
1.8475682509867815
1.9020084466672547
28.00026621906831
7.164969704891327
7.796021615980731
19.307839269678844
1.6160637162334452
2.0579368505363593
17.901854458396883
0.46384980624321104
0.2508089146196756
2.7315806677736303
27.587955716395598
9.975372046866458
2.7786279498757165
10.933365944241302
4.211023311983027
3.167084345809281
3.8794486664025394
1.8191198187533668
1.8346135623026216
2.86746723279633
40.25850586021908
1.5743312799517102
0.7761460554920394
384.735877253277
2.0424805912892294
32.04338415879717
9.217048802315496
6.953607709969275
4.637611722395969
13.31482779619447
67.5172820471395
7.835886550289063
0.9454207609397207
1.7839447541451168
33.109328080580944
4.079268663253797
2.959740944059174
2.1691375494851948
10.024932282762009
13.242579487027308
3.410177002125078
7.126984320755963
10.715530689004106
2.223412680157838
20.396223568206644
11.043271647647796
5.5974859703858
12.94033522823439
2.349577908241297
3.6582243580432348
0.7930630330098888
3.972729835393578
3.883509659255326
3.6029999131832517
3.180613700113629
3.032551382176658
4.774010150461784
1.5161906883044804
1.0267092719791477
10.982637525725373
6.759193638171417
5.923886934183236
3.2321745664279584
1.128840356100544
51.83280916623229
1.3634048117255637
15.256963388014585
1.0031802099406089
2.2017639491951355
2.0882428870648098
0.8351577725728733
2.355300633077378
38.05467479940938
22.898765818430952
7.311846694209459
34.27490705455776
5.819185309260667
1.9966032818136539
1.3903368450681357
5.71724126070579
1.2439035590615273
26.14007569224971
67.9301018535506
6.081346309301679
9.561627859621966
7.217076067386584
5.605262457467218
7.984613003344033
1.1429290446456646
56.66656673611976
3.6701851789729085
1.1367652778120703
1.8028490697155983
21.661772022924804
47.98092410550005
1.4438954430006754
9.703483930404118
3.6891979374099697
6.016609520632205
1.3939591903761173
8.51310077996107
3.456740906701273
3.199398302460057
36.435987934667885
3.6418163462294784
68.01686792957108
3.4602273141729247
66.3355455666254
3.5590211322588
2.2770212430798606
2.0553854284753568
24.98802966269046
12.53984413513984
13.773678343331472
13.86509724774892
56.103932441922055
1.2076227097911016
10.233650945030934
1.5291960625510792
2.075550653436083
7.069344632539489
1.4258523310233366
29.288999572133548
2.124854093079191
1.957823397178914
3.7124448605081346
1.2883394254661575
0.7304841868771637
10.020616487031514
2.9159739388304624
23.447227982174667
1.9549697089760878
60.50267954766287
9.126554674277955
4.168707999393439
9.840907803346864
112.24589681942327
5.049104838737851
70.71344469499579
3.6893278437992523
6.548046443269267
31.062942205421738
2.7867350196594187
2.980268388826709
9.299800859964519
11.379996393158818
4.10052980599144
0.3497363011933148
9.759750954874587
0.5264967956723012
80.17512516193419
12.733687708597179
23.378635476379717
27.268682132398634
5.929957926834485
3.656956890771798
2.2902763710679697
3.447661349739302
2.003426072035775
4.10345986848345
3.0461696489951535
11.736791066430609
9.807040099507134
2.064741569029111
8.72686065630104
1.793007374842523
3.4516287671648778
6.742779361531565
11.64740138492309
2.412403583906757
56.23723925757791
0.5316963412458278
2.752149762919351
95.40876486529082
3.4725303451999103
2.860912649244969
0.12567361536370275
3.114329005469854
60.45374208355973
1.1201688916107875
2.415346123809809
2.1500423189405433
23.891236195390476
14.745234864639166
1.251908200990207
8.537796398173231
7.388575394572553
1.2597161718354033
9.247433537639946
19.790156157379283
4.134793643294094
12.180312720349814
6.4712438062467434
8.804564539122218
27.278837543129242
22.514802654853252
15.920417689701447
37.180220373571984
5.261298396163291
18.625731979295317
8.250482774969058
3.5029550356013237
14.251998140119513
23.19825898922325
5.612183116027043
0.9910343143588406
17.836214923086533
7.970274615395131
2.2125771298160863
6.237376802157029
11.353375419146877
14.765266906511496
10.53415326210333
7.891523407742338
2.773255215050723
0.7330644727044583
0.8865632382005777
25.478021359928245
5.592302513193857
29.16540167778726
7.867263208914341
4.21260548877219
149.4719370907445
4.091646587133829
25.185652672399787
7.563114263146426
1.9304646019102876
5.459500009598884
3.823800140784825
1.2147467379551284
50.177796595136904
3.983050021290899
10.644471253886044
