1.0723082960899197
1.4274496068215745
3.2461618933654073
5.07494497384277
3.9149090384056175
6.154705487191652
1.1976997100527993
2.943072797594582
1.6633527232937082
2.83393101391711
0.7133278354307233
3.636430661697577
3.587839557413756
-2.8231880027836995
7.419146934468218
6.099121872320669
-4.165428125626202
7.101520082085278
2.1589213480894713
7.456945648960545
3.24055431767098
4.384751388297976
2.7894454218416094
1.8275545516548732
2.060403194294825
-2.2502967383765844
-1.9079725274012693
8.472672292927257
7.333992753977691
5.588615678081728
6.909832346923129
2.879857374394196
4.950968028115188
2.252671456401723
6.825219396388325
3.1397821798386416
7.852402967544484
1.9181606901335368
1.6891103850278384
2.02499165149317
-0.23310969122004277
5.856744927737383
3.461853036480923
0.15315250433855132
5.697915256949955
-0.5056548355070571
4.793387247513128
6.1902366512937785
-1.0201759704570392
-0.22945100466474067
-1.9642615805358412
10.71970225364351
4.370838624838833
2.342536122106963
4.830517883786015
4.050350272064973
7.950640693439965
2.354888901472559
4.077354643988547
5.530957109115347
-0.8147183831493536
2.9187244272528203
7.235749276692638
5.249382879538042
0.5035141460194374
-0.3895916474101693
-0.3164920386535055
1.5507060701218447
4.891296607136905
5.433729633170547
4.796222322247292
6.023234086143694
7.907538755751889
4.7563419182394595
5.355817159026441
5.693882130008147
6.162632056137511
6.74731134536261
7.660215119379629
5.518955091859607
2.19163732441261
4.035479400243558
7.531306847336385
5.368337739179651
-0.6566622785931351
2.2945650652967484
0.05357885110182936
2.418385426998043
4.909962890802581
1.1003419323808876
3.8505903120565046
7.6402123025716095
3.9094516298321276
1.4793996030939813
3.5879415941498367
2.361565965323624
0.5021734486511793
5.57829955113235
3.080820804963921
5.333084448225798
1.9117737898880787
5.736936501978908
-3.063653989803301
3.4965465351942076
5.069471396714869
4.665216810340697
3.200319582397794
5.789088414385735
5.453821927259691
-1.190444210797967
3.275809673979428
8.814235833702432
3.6907169937672313
5.29612254159731
-2.1365508803936564
7.544804331986612
5.762095946105479
1.655636375171502
-2.257625238771526
2.0644847280687704
4.175039307691616
2.1437010409338457
-0.5623506574615806
2.7995942312885953
-2.745583175915419
10.665654698922843
4.146442123834369
4.263622732147855
0.9923836434947968
4.660930715396589
4.317174483211353
2.4080322448076337
-0.08546977918797838
7.279286314044036
0.865087017804314
-0.388517865164383
6.168655316158192
2.2664841085219765
-1.1183200568819514
-3.1844545989889497
2.7648702095451436
4.698819963127192
-1.566196516980618
-1.2601789370799787
3.281550151244217
5.739489939602251
1.899522331709362
5.930996113031491
0.9521405214607404
5.419269616632497
1.0963955778918248
2.6569263390386983
2.677940164165703
3.7294024152453424
-0.1790354369299063
6.115919928859224
5.186601878271892
0.1300920178416063
2.515143418712843
2.1157096804534494
-1.416184757333486
0.6914553453772729
-2.6423424334712866
4.273447210039738
4.8241515886384665
0.7935287736542036
2.847351036866277
6.139706192626142
2.6632678458733094
4.7614646612165625
0.42927816877355696
-0.45629939978472045
-2.0759876851162593
2.1611299533383708
6.721674342580607
1.9777898834956045
1.725612103478265
0.7941136641937732
3.3135334561438086
-0.17366679059895773
3.611649439711834
-0.2169777681141385
4.448457260322182
3.412491806328391
4.194131106739369
-1.7092034881987974
5.239725237822643
6.528600985866303
4.43958630503372
3.18430106990755
6.541508574425401
4.982539088286508
0.30229056094978146
-4.4734899597067805
0.335881710440574
3.693369587813783
4.203501607574157
5.524406849261695
4.208470808846062
3.3116195537796997
4.259186243447987
5.634818410912045
-0.8320352260233488
1.5191444502978406
5.202686046638764
-0.6376582617553219
7.398413797693917
2.712309179120895
-0.34483561946102004
7.492490212746331
0.7792687356356458
-0.869605348586338
2.4423202787809637
-0.2117904202361709
3.1401381057612427
7.739913845841161
1.067482675512908
2.151104375432009
6.780492910104011
0.11426244911548489
6.972101034369898
2.8874307069293437
-1.1256363702381957
4.2290075609912865
-2.329290782207843
0.14432894603273105
1.0644805728894733
6.450705038383695
2.7305251058511413
9.065759888122486
5.090167648396433
4.136434041517685
5.088903477583021
3.359072401124461
0.5882410777982621
2.593194549111619
-0.9480964547907154
0.15089900651236832
1.8477341126956737
6.280701641618245
5.591752548619494
-0.922946205580657
5.967564771770359
-0.2545058125907973
2.626928553359189
1.023944806581036
5.783186867324751
5.165270054709014
-2.031393698051245
6.1215919641315875
0.8135274005917896
3.749059110706431
2.3539454084914144
2.2856047055924567
3.9964750051682767
0.11461492403903728
4.328422873817815
4.985016133819098
0.8498870533201313
2.4228641004342775
2.2374088645674597
3.199572576157827
2.469514842241626
1.0922037996415863
-2.1025729254333605
7.994894555556593
4.2125785081045946
2.99328580481139
2.0232872780263715
5.631051752089398
5.57650422037597
3.825608568774485
3.0719508527006196
2.4657034346197255
3.8384489408397027
-5.691930450596102
3.9780393545990216
9.356917164466681
2.6780768029840405
4.425121342506932
9.755747133446693
-1.735296120427562
1.7905941962690097
3.30899048804441
7.691661180374112
-0.1515457596915022
4.085119930563027
4.035266297626925
4.960796344624935
2.6750096859186474
3.1729458704627644
0.18219515467813574
-0.01721054835108804
6.234230691989045
1.4774004210922536
-1.28702575730372
3.3843996934886516
4.446676744881664
1.492802622331263
3.358461656089317
1.937901958779521
4.071260388066856
6.100706417957007
-0.4124166889136176
4.758976561544794
3.394363511093348
2.678859633001478
5.405578536034714
5.283875234022126
-0.010469230178626887
3.4883488780914997
1.9553749963852969
2.4331127804756227
1.2491162167785916
-0.7890511989722446
4.261247586607395
2.2962201989865894
2.3639963608058925
1.777491329026073
-0.07248116695003404
1.3324115656700224
-1.9967719563622852
1.8201904963308335
6.790980410107452
7.222806615129805
3.2672871397206826
4.128655582695153
5.711458515804517
3.1256428931650846
8.36276320634755
8.309760706052167
4.5316382844428515
6.751994144868192
-4.875096618277798
1.8988704147229383
1.5290051079378904
8.187755414829564
-4.894437486577138
-0.4876761388335482
10.263688768790747
-4.167093257389661
5.850684271699036
-1.592312664415065
2.3667723395533744
1.1854833728790757
2.3496053258098732
1.6421796025046291
2.569772998327988
5.244634490121653
-0.9996099593845109
-4.479883941680507
3.3615198347003967
1.2157419317678373
5.45944916144021
1.549556987933959
1.2534810095432016
4.7219821469029295
2.0517447769918187
2.6065791659176165
2.757525761107841
-1.9377291826642438
3.0585989178288364
5.834684087396786
7.477208953279272
1.0842790999299272
2.6357491279560654
3.5424139282070977
0.5448473780854788
2.212735409292388
4.745816334133648
3.136677162041847
6.984047449764655
6.7988986580518915
-8.475857023051567
-0.5142705641557308
2.4711498082427803
0.24601971857171456
1.4352188029103259
8.79339049759772
2.8981637623591667
9.210147604094193
0.4917950310811743
4.4905563921825955
0.4310401022034087
5.215385751577426
4.4253570925732575
9.08330621824525
7.509688676416505
3.1644981195106543
5.560510053035228
5.40117078150795
7.064848163321804
1.869722701121314
1.6056327254905558
1.6382494077301164
5.413819947990897
-1.9638191241646457
6.337750197718288
2.630703727982091
2.8875583839558177
6.779190840311913
6.655740677813338
3.2982097118077514
2.565877524280265
1.2459738703594987
-3.783306809458754
2.958336336281623
-0.7566994740059201
4.703456107565733
5.101544594823038
0.3072997806566993
0.7148004070399114
3.527179803547423
2.5930995463623523
4.340985035380233
3.9116638997662143
5.642551505701519
3.3842169689652355
1.4750786701572385
1.4206182418014928
2.549831505148426
1.548960508534186
5.917308465224098
1.4493810682504953
1.4818226427510743
2.7806453824720267
7.682462352703501
3.9967238048876164
2.312262043111066
1.259564710953141
-1.8905808847489158
1.1382142012781489
1.3211484014766497
2.7703726809569784
6.683524056099393
4.1739365581648284
2.9792283755144147
6.103032244357813
-0.5596413520321035
-1.3649257887372492
2.3403647340023994
6.078881651319967
5.660279365597826
3.4488828589158853
0.4452532315034263
9.175571568309461
1.1930116295544222
1.319932281933381
2.752192293148481
0.052903529650115466
1.2972088914912212
0.5322056724084128
4.916295578142072
0.4509813461495318
3.524903068712974
0.3952762527471503
1.556491296223746
5.770543787215414
8.508714717215259
-0.001924956126294397
2.8724213322008443
1.51596807872648
3.445811532658145
3.649703461110674
1.9429545048397792
2.891834669800182
-2.3441202916289976
0.41899870183320953
8.98838966607135
2.510100105208253
4.158217686129961
1.55413554939573
9.835055374440364
4.3061194637246984
3.7215865644507664
5.6003296635816255
4.805624156713899
6.172865789295089
3.8550037510090345
3.406642106723608
-0.9008018134456259
1.3217055590032945
0.37976727660313125
-0.8821107082292663
2.2931342609287326
-1.3439752561721328
4.834464393307346
8.3932548543374
5.564204254904163
-0.46025750387356634
4.222860646676368
-2.9616938109140367
5.619687289517119
2.4519880953407744
2.317486452581903
0.9738221753524585
-1.6649352967371334
0.948566469673287
5.335324006295162
-0.036295272478942486
5.318431960953388
1.7799595001528856
0.7587438162885789
-1.0561216626322478
3.4358614366633486
3.398690426363542
4.575099960643273
3.25119975500029
6.123740255724769
2.2993382142549477
-0.939509951452143
1.4092954220273564
4.628618495247235
9.243368087147093
8.27912288238773
1.934237386843955
-3.1408915698496607
-0.8559391149537743
0.8902077558857675
2.3744966428559393
2.394331988939844
0.8718907133110552
4.330238488506328
4.831963473137518
6.441636779620508
0.9380773723328732
4.983093164062073
1.7257749909454843
9.075509031540534
3.8678849684951957
5.826993006032913
-4.635160038779015
2.0878990790486682
2.2635658888741657
-2.1949767574389005
7.2640710315134065
0.8938944460603122
-0.1924523775264877
6.54909071223757
4.53495571404545
3.2715063291420043
2.6499954530298084
3.2959567512581796
5.563368967860201
-2.7310073789201397
0.8921060986196014
2.1462882736844433
0.35580866201014594
6.787682182209249
-2.0987463015008334
1.6077460442351852
0.825679737835487
5.7631011786338355
2.2211779868826946
3.404622391552044
4.159492361445747
0.5166443092662236
1.4745534052886575
-0.32443907561773244
1.533242007669551
-0.6055150591571374
7.7709453662649635
2.245149702413654
3.7261922678703754
2.3546232253248136
2.451533369451541
8.268675607090914
5.887262364632756
-1.4376418209695059
0.45599487699161356
2.4556977140641694
5.982066852197522
-5.420866471411463
2.980598323892075
3.7015206243572307
2.46944567807341
8.01284327358965
2.6039531650187975
3.1299925868374685
2.3123049349610207
-2.1853825959617037
6.285592622644226
1.2710889893172816
2.261230331212233
4.65194853849208
3.4395551886397486
3.4242063297666414
-1.4326156355239936
4.060024359663146
2.257848852892953
-3.162267534997479
5.786251706074298
3.5174145218983868
5.1332406204790555
0.1812674804487897
8.272993684467231
6.230627266793653
-0.2934544525011562
4.323929135800732
0.620673760165884
3.1794351973369097
-1.418843823583276
4.8005572297912416
4.486453254612856
-1.4171079280506715
3.1837249336391924
-1.4086652422523063
3.20774256765642
3.1352919409128788
2.1739013778589937
4.4444497177890865
2.94546948581552
-0.17137476205024438
-0.2774788523864524
9.011432435328842
-1.9844402309291969
5.26524658494262
4.6128927374145485
1.7784675980070592
2.996660217734534
2.313135649948726
4.2325891456918825
4.59548252943153
0.23686202548616198
1.4438858922083646
1.7446479569097253
-2.5315538987156394
1.4751631496757747
6.400745875800445
4.992601727077096
8.344036281392148
5.903136365729707
4.303232972803112
2.8108253898051925
3.358766868928869
-1.4137766473731244
-2.8923397125411503
2.5645639398556157
0.9972240916700641
1.2245274442526475
6.67636137136892
3.7540807953004003
0.6378940069062149
5.230617647126472
-1.8604174043929742
6.950404882068244
-1.2302899223634567
6.862128133173603
0.41163695820025836
5.903916024743278
-1.2848344103935183
5.258217378755306
5.504172546684184
2.9852065994790355
2.5057579965392303
7.5433557211674565
4.037009799934768
0.31726108557628585
-1.2736629961596995
5.533027365028753
-1.4601181056516985
6.037822240406033
4.154275908019108
7.035182254304658
3.7359838948847663
4.1362423545662725
-0.20271396931985652
2.6710592880850434
4.312404052844017
4.474583931088294
2.7843589089920995
2.4716586642504965
0.10616031251736713
6.388363497127097
4.098655179830089
1.8365421340601427
7.214703176470286
3.854042210643211
3.884919182586483
6.817973825139691
0.2673419443962164
5.495516053622539
1.8070954237879802
-0.2878008705444577
4.516211737330279
5.336557798849306
-2.6183205154649194
5.420911906493241
5.68962823022311
-5.356449112259265
2.945598028050417
3.0311360194507535
3.848701167632317
2.862184253288851
3.7121017286041207
3.1253207170120634
5.2834116526993595
-1.5139985184446214
-0.4416972494492786
1.9619753648772835
5.476086861207126
3.484072183609761
-1.7907293607164094
0.049948065110567264
-0.5190509695424712
5.09895562022823
7.649376017694215
2.853410610358832
1.47652473161579
5.505068309198349
3.5805006176178087
2.9310393759810394
1.872762949946461
2.2599936682608277
2.071982338077939
5.106795805616278
2.961779266624252
5.509649648420503
0.8369158245769635
5.819521940907567
0.35051680224725557
-0.9870508292282514
0.614968834184177
0.4460008320490929
7.200243917941179
3.7765778190612282
6.631884210796946
5.967858309390918
4.9730099511557535
3.9478777420206628
4.467004785636363
-1.177455099927803
0.6347442380685901
6.1781322153606535
1.7429591780607891
6.121671914772137
0.28590059748022645
-3.318291984010374
10.70923974852701
0.47509322600211945
6.027490645010399
1.4951870154787614
3.0843611186523843
-2.3686134378971992
6.26921015388638
6.489174511805246
3.217956961194331
0.666968436240019
7.765545717366733
5.19517593518856
1.1947920470520534
2.6055252163936253
-2.8971412538725225
1.916491175672267
3.2488346865140283
3.0228796421277093
2.720125654370588
9.670600823649789
6.405327204123091
-0.40717657349114056
4.675641034230088
2.0558251857536916
-2.260877308090331
4.096271027374764
4.620209425365456
0.9770710943445411
0.4934883763413884
6.655453787659743
3.667771394091186
3.9246809345850133
5.898305423099943
-0.2425713921217465
0.8442515841827749
5.746932744474106
-4.578180610910895
-3.258154189767355
1.7382572290330751
6.631043383191969
4.4622920355629505
1.5617959264637238
4.604596427990092
2.479139917497398
1.61321892701069
2.510636754485881
0.7868383304252662
0.7874464456226131
1.8925342136705223
7.340397431805506
-0.756571472564814
-2.591863511113851
11.90384282669324
0.6191544600291943
6.894843377686018
4.355577434428238
3.5783754177803084
2.730148392014481
5.056864980734216
8.401469398377
4.028610564840111
-5.23114158410236
0.6016570335654503
6.981102747259506
2.385933831021877
2.0287194775407436
0.7276380600190921
4.437063373806629
5.108935620800806
1.9646557040605306
3.6876092410243198
4.624387372073837
1.53640114449033
5.984165856414501
4.691699002735211
3.1311212191362694
4.997808784214708
0.9929533636568881
2.2579558695290256
-1.3389674182920377
2.3655841448332184
2.6465108586622037
2.43750968750271
1.6823365627041291
1.7444256654500745
2.6883808717852293
0.6181360754257037
-0.01654093305366633
4.605236218464624
3.606043230647964
3.4177306354178736
1.6867895764607939
-0.33278469407811073
7.866302998316911
-0.8412666630413614
5.3288620581343675
-3.1115343015380184
1.0623705894452318
0.5076438480634637
-1.089268371176253
0.7215180806828609
7.2444615848927265
6.187614561035666
3.839414858453241
7.0364095945599265
3.392901965007562
0.4484737867596653
-0.06360876086997092
3.4619947782491574
-1.316376192145329
6.47884733393334
8.435534511652442
3.509214612663804
4.467118569809212
3.7495226233820222
3.310701720334776
3.9446222633407326
0.003138239933424991
8.04815528412908
1.9797120107423953
-3.2915319374425955
0.08281859580379614
6.149998812299256
7.717912512749599
0.5739710868831827
4.3710649900392315
2.217507374589843
3.415536050406343
0.6439387040903601
4.149987432581316
1.8619892679385568
2.268822705920222
7.139853422771047
2.434813518679114
8.438675416776729
2.359583994856269
8.371466171941677
1.8938899212945937
1.5814105028538168
1.36417081181845
6.3776495293822
4.983366561574149
5.205603892085604
5.204444649132429
8.04812938011993
0.19012583254223303
4.500200274101619
0.7348013535819344
0.6368296885548972
3.9074994611614366
0.09226398657639256
6.721666199905846
1.1818200119026963
0.4190845020083658
2.44099428326334
0.23737385378805076
-0.8967380713091275
4.528548410925691
1.9746992786587905
6.281794401301648
1.333700403915887
8.172858726742085
4.37564858886205
2.805635005739479
4.40962215127886
9.437935222960341
3.0033700921147184
8.491245093215777
2.52254558069313
3.7157002952321303
6.828513882467337
1.3846596755563259
2.1211585305292826
4.272153739061826
4.79228397953603
2.6193335181746424
-3.4048442798603826
4.553518385940199
-2.201591949486401
8.763496744949846
5.031209001002304
6.246759400117499
6.573868585675736
3.290761877664753
2.495248455716606
1.5618642199672
2.252887557009698
0.7082830445101127
2.7362589069945864
1.7160433227119496
4.7603138063305295
4.530440656830478
1.376697729953191
4.174424648307691
0.06690399724917606
1.9582530475130007
3.546464849586534
4.7869504660723985
1.459393701808955
8.052762481250635
-1.5753403501944243
1.4106825607771827
9.112510920961595
2.316944309246361
1.6572409666303305
-5.369024061501804
1.9502763005156107
8.174003995690505
-3.555729268954037
1.0301137625342345
1.3567380567329574
6.301926592625202
5.353295153438246
0.1470288821720236
4.168759915938874
3.744016933850861
-0.013077672151860842
4.252558902953421
5.878998347959274
2.3960852480754227
4.937657248107638
3.4813341866995335
4.187154266027057
6.565851557204751
6.187887592517097
5.514098819972336
7.197938467106412
2.921964212377636
5.746343622735127
4.117687501574492
2.251294861543296
5.275393768795521
6.241954306574999
3.25638946370726
-1.561215733627142
5.672416212006873
4.07831295166344
1.1676254872691532
3.542692051729614
4.80455878500519
5.245077869023655
4.640928163534566
3.9672414076683626
1.3065093469801519
-1.089176309668126
-5.32642110219431
6.4352065172188375
3.299392981302556
6.709913132634329
3.977547860700864
2.6357913866699985
10.004024138785216
2.3299845060927584
6.393673638454406
3.939075830819813
0.21201254682148596
3.106599268744987
2.1288382290253276
-2.0269484066966594
7.812735323759545
2.6653706543009035
4.703896730131188
